 reconr
 20 21
 'iron thermal'/
 2631 1/
 .001/
 'iron thermal'/
 0/
 broadr
 20 21 22
 2631 6/
 .001/
 20 80 293.6 400 600 800/
 0/
 leapr
 25 
 'Fe-56 metal'/
 6 2/
  101 26056./
  55.454 12.05 1 6 0/
 0/
  82 151 1/
  .01008 .015 .0252 .033 0.050406
  .0756 0.100812 0.151218 0.201624 0.252030 0.302436 0.352842
  0.403248 0.453654 0.504060 0.554466 0.609711 0.670259 0.736623
  0.809349 0.889061 0.976435 1.072130 1.177080 1.292110 1.418220
  1.556330 1.707750 1.873790 2.055660 2.255060 2.473520 2.712950
  2.975460 3.263080 3.578320 3.923900 4.302660 4.717700 5.172560
  5.671180 6.217580 6.816500 7.472890 8.192280 8.980730 9.844890
  10.79190 11.83030 12.96740 14.21450 15.58150 17.07960 18.72080
  20.52030 22.49220 24.65260 28. 30. 32. 34. 36. 38. 40. 42.5 45.
  47.5 50. 52.5 55. 57.5 60. 62.5 65. 67.5 70. 72.5 75. 77.5 80.
  85. 90./
  0.0 .02 .04 .06 .08 .10 .12 .14 .16 .18
  .20 .22 .24 .26 .28 .30 .32 .34 .36 .38 
  .40 .42 .44 .46 .48 .50 .52 .54 .56 .58
  .60 .62 .64 .66 .68 .70 .72 .74 .76 .78
  .80 .82 .84 .86 .88 .90 .92 .94 .96 .98
  1.00 1.02 1.04 1.06 1.08 1.10 1.12 1.14 1.16 1.18 
  1.20 1.22 1.24 1.26 1.28 1.30 1.32 1.34 1.36 1.38 
  1.40 1.42 1.44 1.46 1.48 1.50 1.52 1.55 1.60 1.65
  1.70 1.75 1.80 1.85 1.90 1.95 2.00 2.05 2.10 2.20 
  2.30 2.40 2.50 2.60 2.70 2.80 2.90 3.00 3.10 3.20
  3.40 3.60 3.80 4.00 4.50 5.00 5.50 6.00 6.50 7.00
  7.50 8.00 8.50 9.00 9.50 10.0 10.5 11.0 11.5 12.0
  12.5 13.0 13.5 14.0 15.0 16.0 17.0 18.0 19.0 20.0
  22.5 25.0 27.5 30.0 32.5 35.0 37.5 40.0 42.5 45.0
  47.5 50.0 52.5 55.0 60.0 65.0 70.0 75.0 80.0 85.0
  90.0/
 20./
  .0005 79/
  0. .000111 .000443 .000996 .00177 .00277 .00398 .00542 .00708
  .00896 .0111 .0134 .0159 .0187 .0217 .0249 .0283 .0317 .0367
  .0400 .0450 .0500 .0550 .0617 .0667 .0733 .0817 .0867 .0950
  .105 .115 .127 .138 .152 .168 .183 .207 .235 .272 .308 .323
  .338 .352 .370 .392 .413 .438 .473 .445 .395 .385 .383 .398
  .427 .505 .495 .467 .442 .420 .393 .360 .333 .315 .300 .295
  .293 .297 .310 .335 .388 .553 .672 .970 .553 .400 .300 .222
  .145 0./
 0. 0. 1./
 0/
 -80/
 -293.6/
 -400./
 -600./
 -800./
 ' fe-56 thermal scattering '/
 ' '/
 ' temperatures = 20, 80, 293.6, 400 600, 800 deg k. '/
 ' '/
 ' Fe-56 using iron frequency distribution of Brockhouse, '/
 ' Abou-Helal, and Hallman with BCC lattice parameters.'/
 ' The full bound coherent cross section for Fe-56 is used'/
 ' without any allowance for isotopic incoherence.'/
 /
 thermr
 0 22 23/
 0 2631 16 6 1 0 1 221 0/
 20 80 293.6 400. 600. 800./
 .001 10.0/
 thermr
 25 23 24
 101 2631 16 6 4 1 1 240 2/
 20 80 293.6 400. 600. 800./
 .001 10.0/
 plotr
 26/
 1 2 .3 0/
 1 0 1 1. 1./
 'Fe-56 Thermal Cross Sections'/
 'at 80 and 293.6K'/
 4 0 3/
 1.e-3 10./
 'Energy (eV)'/
 1e-2 1e2/
 'Cross Section (barns)'/
 6 24 2631 3 241 80./
 0 0 0 2/
 2/
 6 24 2631 3 240 80./
 0 0 0 2/
 3/
 6 24 2631 3 241 293.6/
 /
 4/
 6 24 2631 3 240 293.6/
 /
 5/
 6 24 2631 3 221 293.6/
 0 0 1/
 1/
 'Iron thermal scattering'/
 'Energy Distributions at 80K'/
 4/
 1e-4 1./
 'Secondary Energy (eV)'/
 1.e-2 1000./
 'Probability/eV'/
 6 24 2631 6 240 80 15/
 /
 3/
 6 24 2631 6 240 80 45/
 /
 5/
 6 24 2631 6 240 80 75/
 /
 1/
 'Iron thermal scattering'/
 'Energy Distributions at 293.6K'/
 2/
 0. 1.6 .2/
 'Secondary Energy (eV)'/
 1.e-2 50./
 'Probability/eV'/
 6 24 2631 6 221 293.6 60/
 0 0 1/
 2/
 6 24 2631 6 240 293.6 60/
 /
 3/
 6 24 2631 6 221 293.6 87/
 0 0 1/
 4/
 6 24 2631 6 240 293.6 87/
 /
 5/
 6 24 2631 6 221 293.6 95/
 0 0 1/
 6/
 6 24 2631 6 240 293.6 95/
 /
 99/
 viewr
 26 27/
 acer
 0 24 0 31 32
 2 0 1/
 'Fe-56 thermal file'/
 2631 80. 'fe56'/
 26056/
 240 64 241 0 1 10. 2/
 acer
 0 31 35 33 34
 7 1 1/
 'Fe-56 80K'/
 viewr
 35 36
 stop
